0	file:/C:/mallet-2.0.8/sample-data/train-data/comp.windows.x_0.txt	6.031363088057901E-4	0.004221954161640531	0.03437876960193004	2.010454362685967E-4	2.010454362685967E-4	2.010454362685967E-4	2.010454362685967E-4	2.010454362685967E-4	0.9041013268998793	0.05568958584640129
1	file:/C:/mallet-2.0.8/sample-data/train-data/comp.windows.x_1.txt	8.226390259953932E-4	1.6452780519907864E-4	1.6452780519907864E-4	1.6452780519907864E-4	1.6452780519907864E-4	1.6452780519907864E-4	1.6452780519907864E-4	1.6452780519907864E-4	0.9942415268180322	0.003784139519578809
2	file:/C:/mallet-2.0.8/sample-data/train-data/comp.windows.x_10.txt	0.09813084112149532	0.3130841121495327	0.02336448598130841	0.04205607476635514	0.004672897196261682	0.02336448598130841	0.004672897196261682	0.06074766355140187	0.02336448598130841	0.40654205607476634
3	file:/C:/mallet-2.0.8/sample-data/train-data/comp.windows.x_100.txt	0.051829268292682924	0.7164634146341463	0.039634146341463415	0.003048780487804878	0.01524390243902439	0.003048780487804878	0.01524390243902439	0.057926829268292686	0.0701219512195122	0.027439024390243903
4	file:/C:/mallet-2.0.8/sample-data/train-data/comp.windows.x_11.txt	0.7685185185185185	0.10185185185185185	0.009259259259259259	0.009259259259259259	0.009259259259259259	0.009259259259259259	0.009259259259259259	0.06481481481481481	0.009259259259259259	0.009259259259259259
5	file:/C:/mallet-2.0.8/sample-data/train-data/comp.windows.x_12.txt	0.3769230769230769	0.34615384615384615	0.05384615384615385	0.023076923076923078	0.007692307692307693	0.007692307692307693	0.007692307692307693	0.08461538461538462	0.05384615384615385	0.038461538461538464
6	file:/C:/mallet-2.0.8/sample-data/train-data/comp.windows.x_13.txt	1.9630938358853554E-4	0.003729878288182175	0.030035335689045935	1.9630938358853554E-4	1.9630938358853554E-4	1.9630938358853554E-4	1.9630938358853554E-4	1.9630938358853554E-4	0.9169611307420494	0.0480957989791912
7	file:/C:/mallet-2.0.8/sample-data/train-data/comp.windows.x_14.txt	4.8015364916773366E-4	1.6005121638924455E-4	1.6005121638924455E-4	1.6005121638924455E-4	1.6005121638924455E-4	1.6005121638924455E-4	1.6005121638924455E-4	8.002560819462228E-4	0.993437900128041	0.004321382842509603
8	file:/C:/mallet-2.0.8/sample-data/train-data/comp.windows.x_15.txt	0.15263157894736842	0.4052631578947368	0.08947368421052632	0.02631578947368421	0.015789473684210527	0.02631578947368421	0.02631578947368421	0.07894736842105263	0.05789473684210526	0.12105263157894737
9	file:/C:/mallet-2.0.8/sample-data/train-data/comp.windows.x_16.txt	0.010416666666666666	0.59375	0.11458333333333333	0.13541666666666666	0.003472222222222222	0.07291666666666667	0.052083333333333336	0.003472222222222222	0.010416666666666666	0.003472222222222222
10	file:/C:/mallet-2.0.8/sample-data/train-data/comp.windows.x_17.txt	0.2236842105263158	0.32894736842105265	0.04824561403508772	0.0043859649122807015	0.0043859649122807015	0.0043859649122807015	0.039473684210526314	0.013157894736842105	0.0043859649122807015	0.32894736842105265
11	file:/C:/mallet-2.0.8/sample-data/train-data/comp.windows.x_18.txt	0.20918367346938777	0.5561224489795918	0.11734693877551021	0.00510204081632653	0.025510204081632654	0.025510204081632654	0.00510204081632653	0.015306122448979591	0.015306122448979591	0.025510204081632654
12	file:/C:/mallet-2.0.8/sample-data/train-data/comp.windows.x_19.txt	0.30833333333333335	0.44166666666666665	0.008333333333333333	0.008333333333333333	0.008333333333333333	0.14166666666666666	0.008333333333333333	0.008333333333333333	0.025	0.041666666666666664
13	file:/C:/mallet-2.0.8/sample-data/train-data/comp.windows.x_2.txt	0.027294541091781643	0.1274745050989802	0.021895620875824834	0.02009598080383923	0.0032993401319736052	0.008098380323935212	0.0026994601079784043	2.9994001199760045E-4	0.020695860827834433	0.7681463707258548
14	file:/C:/mallet-2.0.8/sample-data/train-data/comp.windows.x_20.txt	0.34868421052631576	0.3223684210526316	0.09868421052631579	0.09868421052631579	0.046052631578947366	0.006578947368421052	0.006578947368421052	0.006578947368421052	0.006578947368421052	0.05921052631578947
15	file:/C:/mallet-2.0.8/sample-data/train-data/comp.windows.x_21.txt	0.005208333333333333	0.453125	0.005208333333333333	0.005208333333333333	0.13020833333333334	0.171875	0.005208333333333333	0.057291666666666664	0.026041666666666668	0.140625
16	file:/C:/mallet-2.0.8/sample-data/train-data/comp.windows.x_22.txt	0.3014705882352941	0.5073529411764706	0.007352941176470588	0.007352941176470588	0.022058823529411766	0.007352941176470588	0.007352941176470588	0.08088235294117647	0.007352941176470588	0.051470588235294115
17	file:/C:/mallet-2.0.8/sample-data/train-data/comp.windows.x_23.txt	0.3433734939759036	0.3192771084337349	0.18674698795180722	0.006024096385542169	0.006024096385542169	0.006024096385542169	0.018072289156626505	0.06626506024096386	0.006024096385542169	0.04216867469879518
18	file:/C:/mallet-2.0.8/sample-data/train-data/comp.windows.x_24.txt	0.28061224489795916	0.5663265306122449	0.04591836734693878	0.00510204081632653	0.05612244897959184	0.00510204081632653	0.00510204081632653	0.015306122448979591	0.00510204081632653	0.015306122448979591
19	file:/C:/mallet-2.0.8/sample-data/train-data/comp.windows.x_25.txt	0.36428571428571427	0.19285714285714287	0.02142857142857143	0.05	0.1357142857142857	0.007142857142857143	0.05	0.007142857142857143	0.12142857142857143	0.05
20	file:/C:/mallet-2.0.8/sample-data/train-data/comp.windows.x_26.txt	0.3620689655172414	0.05172413793103448	0.15517241379310345	0.04187192118226601	0.0024630541871921183	0.13054187192118227	0.007389162561576354	0.046798029556650245	0.0960591133004926	0.10591133004926108
21	file:/C:/mallet-2.0.8/sample-data/train-data/comp.windows.x_27.txt	1.6056518946692356E-4	0.5284200385356455	0.01621708413615928	0.017822736030828516	0.01075786769428388	0.0072254335260115606	4.816955684007707E-4	0.001123956326268465	0.026814386640976236	0.3909762363519589
22	file:/C:/mallet-2.0.8/sample-data/train-data/comp.windows.x_28.txt	0.1557377049180328	0.4016393442622951	0.00819672131147541	0.05737704918032787	0.02459016393442623	0.10655737704918032	0.10655737704918032	0.00819672131147541	0.040983606557377046	0.09016393442622951
23	file:/C:/mallet-2.0.8/sample-data/train-data/comp.windows.x_29.txt	0.012325239146431199	0.7246136865342163	0.052796173657100806	0.00459896983075791	0.0075423105224429726	0.0012877115526122149	1.839587932303164E-4	0.004966887417218543	0.03881530537159676	0.15286975717439294
24	file:/C:/mallet-2.0.8/sample-data/train-data/comp.windows.x_3.txt	0.0030536077810450124	0.7234788509387017	0.049423207419135945	0.004636959963809093	0.004410766794842796	0.00983940285003393	0.0010178692603483375	5.65482922415743E-4	0.0446731508708437	0.1589007011988238
25	file:/C:/mallet-2.0.8/sample-data/train-data/comp.windows.x_30.txt	0.3130081300813008	0.491869918699187	0.044715447154471545	0.0040650406504065045	0.0040650406504065045	0.012195121951219513	0.02032520325203252	0.0040650406504065045	0.06097560975609756	0.044715447154471545
26	file:/C:/mallet-2.0.8/sample-data/train-data/comp.windows.x_31.txt	0.125	0.028846153846153848	0.009615384615384616	0.028846153846153848	0.0673076923076923	0.3942307692307692	0.009615384615384616	0.125	0.009615384615384616	0.20192307692307693
27	file:/C:/mallet-2.0.8/sample-data/train-data/comp.windows.x_32.txt	0.15416666666666667	0.6541666666666667	0.05416666666666667	0.0125	0.0125	0.0125	0.029166666666666667	0.0375	0.020833333333333332	0.0125
28	file:/C:/mallet-2.0.8/sample-data/train-data/comp.windows.x_33.txt	0.096875	0.709375	0.103125	0.003125	0.003125	0.009375	0.003125	0.034375	0.003125	0.034375
29	file:/C:/mallet-2.0.8/sample-data/train-data/comp.windows.x_34.txt	4.204035874439462E-4	0.4424047085201794	0.016676008968609865	0.027606502242152466	0.019758968609865472	0.01022982062780269	0.00882847533632287	0.0037836322869955158	0.011631165919282512	0.4586603139013453
30	file:/C:/mallet-2.0.8/sample-data/train-data/comp.windows.x_35.txt	0.008946657663740715	0.5231262660364618	0.016711681296421338	0.01299797434166104	0.008609047940580688	0.004220121539500338	0.0018568534773801485	0.0038825118163403104	0.03798109385550304	0.3816677920324105
31	file:/C:/mallet-2.0.8/sample-data/train-data/comp.windows.x_36.txt	0.28448275862068967	0.4396551724137931	0.008620689655172414	0.008620689655172414	0.008620689655172414	0.02586206896551724	0.008620689655172414	0.008620689655172414	0.1810344827586207	0.02586206896551724
32	file:/C:/mallet-2.0.8/sample-data/train-data/comp.windows.x_37.txt	0.23660714285714285	0.4419642857142857	0.049107142857142856	0.004464285714285714	0.004464285714285714	0.004464285714285714	0.004464285714285714	0.004464285714285714	0.03125	0.21875
33	file:/C:/mallet-2.0.8/sample-data/train-data/comp.windows.x_38.txt	0.012779083431257344	0.3147767332549941	1.4688601645123384E-4	0.01072267920094007	0.012485311398354876	0.015129259694477086	7.344300822561692E-4	0.001028202115158637	0.0069036427732079905	0.6252937720329025
34	file:/C:/mallet-2.0.8/sample-data/train-data/comp.windows.x_39.txt	0.33448275862068966	0.13448275862068965	0.23793103448275862	0.010344827586206896	0.03103448275862069	0.17586206896551723	0.010344827586206896	0.0034482758620689655	0.03103448275862069	0.03103448275862069
35	file:/C:/mallet-2.0.8/sample-data/train-data/comp.windows.x_4.txt	0.21171171171171171	0.4099099099099099	0.02252252252252252	0.07657657657657657	0.0045045045045045045	0.16666666666666666	0.02252252252252252	0.013513513513513514	0.013513513513513514	0.05855855855855856
36	file:/C:/mallet-2.0.8/sample-data/train-data/comp.windows.x_40.txt	0.11923076923076924	0.8038461538461539	0.011538461538461539	0.0038461538461538464	0.0038461538461538464	0.0038461538461538464	0.0038461538461538464	0.03461538461538462	0.011538461538461539	0.0038461538461538464
37	file:/C:/mallet-2.0.8/sample-data/train-data/comp.windows.x_41.txt	0.33653846153846156	0.33653846153846156	0.009615384615384616	0.009615384615384616	0.009615384615384616	0.10576923076923077	0.10576923076923077	0.009615384615384616	0.009615384615384616	0.0673076923076923
38	file:/C:/mallet-2.0.8/sample-data/train-data/comp.windows.x_42.txt	0.3385416666666667	0.026041666666666668	0.16145833333333334	0.08854166666666667	0.171875	0.16145833333333334	0.015625	0.005208333333333333	0.005208333333333333	0.026041666666666668
39	file:/C:/mallet-2.0.8/sample-data/train-data/comp.windows.x_43.txt	0.10869565217391304	0.5289855072463768	0.050724637681159424	0.050724637681159424	0.007246376811594203	0.007246376811594203	0.036231884057971016	0.16666666666666666	0.007246376811594203	0.036231884057971016
40	file:/C:/mallet-2.0.8/sample-data/train-data/comp.windows.x_44.txt	0.125	0.5220588235294118	0.03676470588235294	0.022058823529411766	0.007352941176470588	0.007352941176470588	0.051470588235294115	0.15441176470588236	0.007352941176470588	0.0661764705882353
41	file:/C:/mallet-2.0.8/sample-data/train-data/comp.windows.x_45.txt	0.20357142857142857	0.6678571428571428	0.0035714285714285713	0.0035714285714285713	0.0035714285714285713	0.017857142857142856	0.0035714285714285713	0.0035714285714285713	0.017857142857142856	0.075
42	file:/C:/mallet-2.0.8/sample-data/train-data/comp.windows.x_46.txt	0.541095890410959	0.3356164383561644	0.02054794520547945	0.00684931506849315	0.00684931506849315	0.00684931506849315	0.00684931506849315	0.00684931506849315	0.00684931506849315	0.06164383561643835
43	file:/C:/mallet-2.0.8/sample-data/train-data/comp.windows.x_47.txt	0.10279605263157894	0.1981907894736842	0.033717105263157895	0.03042763157894737	8.223684210526315E-4	0.032072368421052634	0.027138157894736843	0.004111842105263158	0.046875	0.5238486842105263
44	file:/C:/mallet-2.0.8/sample-data/train-data/comp.windows.x_48.txt	0.32105263157894737	0.4052631578947368	0.05789473684210526	0.005263157894736842	0.06842105263157895	0.015789473684210527	0.02631578947368421	0.06842105263157895	0.005263157894736842	0.02631578947368421
45	file:/C:/mallet-2.0.8/sample-data/train-data/comp.windows.x_49.txt	0.0946969696969697	0.6628787878787878	0.003787878787878788	0.041666666666666664	0.003787878787878788	0.011363636363636364	0.011363636363636364	0.01893939393939394	0.13257575757575757	0.01893939393939394
46	file:/C:/mallet-2.0.8/sample-data/train-data/comp.windows.x_5.txt	0.125	0.5955882352941176	0.007352941176470588	0.007352941176470588	0.007352941176470588	0.0661764705882353	0.051470588235294115	0.03676470588235294	0.007352941176470588	0.09558823529411764
47	file:/C:/mallet-2.0.8/sample-data/train-data/comp.windows.x_50.txt	0.36764705882352944	0.1323529411764706	0.04411764705882353	0.10294117647058823	0.014705882352941176	0.16176470588235295	0.014705882352941176	0.014705882352941176	0.04411764705882353	0.10294117647058823
48	file:/C:/mallet-2.0.8/sample-data/train-data/comp.windows.x_51.txt	0.3739495798319328	0.06302521008403361	0.12184873949579832	0.06302521008403361	0.09663865546218488	0.13865546218487396	0.06302521008403361	0.046218487394957986	0.02100840336134454	0.012605042016806723
49	file:/C:/mallet-2.0.8/sample-data/train-data/comp.windows.x_52.txt	0.6018518518518519	0.08333333333333333	0.046296296296296294	0.027777777777777776	0.009259259259259259	0.009259259259259259	0.009259259259259259	0.009259259259259259	0.009259259259259259	0.19444444444444445
50	file:/C:/mallet-2.0.8/sample-data/train-data/comp.windows.x_53.txt	0.35046728971962615	0.43457943925233644	0.004672897196261682	0.004672897196261682	0.004672897196261682	0.02336448598130841	0.04205607476635514	0.004672897196261682	0.06074766355140187	0.07009345794392523
51	file:/C:/mallet-2.0.8/sample-data/train-data/comp.windows.x_54.txt	0.5277777777777778	0.1574074074074074	0.046296296296296294	0.009259259259259259	0.009259259259259259	0.009259259259259259	0.009259259259259259	0.009259259259259259	0.009259259259259259	0.21296296296296297
52	file:/C:/mallet-2.0.8/sample-data/train-data/comp.windows.x_55.txt	0.2948717948717949	0.16666666666666666	0.01282051282051282	0.01282051282051282	0.01282051282051282	0.038461538461538464	0.038461538461538464	0.0641025641025641	0.11538461538461539	0.24358974358974358
53	file:/C:/mallet-2.0.8/sample-data/train-data/comp.windows.x_56.txt	0.33064516129032256	0.5241935483870968	0.024193548387096774	0.008064516129032258	0.008064516129032258	0.04032258064516129	0.008064516129032258	0.008064516129032258	0.04032258064516129	0.008064516129032258
54	file:/C:/mallet-2.0.8/sample-data/train-data/comp.windows.x_57.txt	0.1417910447761194	0.5149253731343284	0.12686567164179105	0.022388059701492536	0.11194029850746269	0.03731343283582089	0.007462686567164179	0.007462686567164179	0.007462686567164179	0.022388059701492536
55	file:/C:/mallet-2.0.8/sample-data/train-data/comp.windows.x_58.txt	0.30416666666666664	0.44583333333333336	0.004166666666666667	0.020833333333333332	0.004166666666666667	0.029166666666666667	0.04583333333333333	0.05416666666666667	0.07083333333333333	0.020833333333333332
56	file:/C:/mallet-2.0.8/sample-data/train-data/comp.windows.x_59.txt	0.4069767441860465	0.22093023255813954	0.011627906976744186	0.011627906976744186	0.011627906976744186	0.10465116279069768	0.03488372093023256	0.1511627906976744	0.03488372093023256	0.011627906976744186
57	file:/C:/mallet-2.0.8/sample-data/train-data/comp.windows.x_6.txt	0.27325581395348836	0.3430232558139535	0.040697674418604654	0.005813953488372093	0.0872093023255814	0.005813953488372093	0.005813953488372093	0.0755813953488372	0.029069767441860465	0.13372093023255813
58	file:/C:/mallet-2.0.8/sample-data/train-data/comp.windows.x_60.txt	0.15979381443298968	0.5103092783505154	0.005154639175257732	0.015463917525773196	0.005154639175257732	0.015463917525773196	0.005154639175257732	0.06701030927835051	0.14948453608247422	0.06701030927835051
59	file:/C:/mallet-2.0.8/sample-data/train-data/comp.windows.x_61.txt	0.17222222222222222	0.48333333333333334	0.06111111111111111	0.06111111111111111	0.005555555555555556	0.027777777777777776	0.03888888888888889	0.005555555555555556	0.005555555555555556	0.1388888888888889
60	file:/C:/mallet-2.0.8/sample-data/train-data/comp.windows.x_62.txt	0.13316582914572864	0.28391959798994976	0.18341708542713567	0.02763819095477387	0.01256281407035176	0.10301507537688442	0.002512562814070352	0.002512562814070352	0.007537688442211055	0.24371859296482412
61	file:/C:/mallet-2.0.8/sample-data/train-data/comp.windows.x_63.txt	0.10784313725490197	0.38235294117647056	0.00980392156862745	0.06862745098039216	0.00980392156862745	0.16666666666666666	0.029411764705882353	0.029411764705882353	0.00980392156862745	0.18627450980392157
62	file:/C:/mallet-2.0.8/sample-data/train-data/comp.windows.x_64.txt	0.35833333333333334	0.475	0.008333333333333333	0.008333333333333333	0.008333333333333333	0.008333333333333333	0.008333333333333333	0.041666666666666664	0.008333333333333333	0.075
63	file:/C:/mallet-2.0.8/sample-data/train-data/comp.windows.x_65.txt	0.2107843137254902	0.20098039215686275	0.3284313725490196	0.014705882352941176	0.004901960784313725	0.024509803921568627	0.04411764705882353	0.004901960784313725	0.004901960784313725	0.16176470588235295
64	file:/C:/mallet-2.0.8/sample-data/train-data/comp.windows.x_66.txt	0.285	0.305	0.085	0.005	0.015	0.015	0.005	0.015	0.165	0.105
65	file:/C:/mallet-2.0.8/sample-data/train-data/comp.windows.x_67.txt	0.20625	0.39375	0.04375	0.00625	0.03125	0.06875	0.01875	0.10625	0.05625	0.06875
66	file:/C:/mallet-2.0.8/sample-data/train-data/comp.windows.x_68.txt	0.19230769230769232	0.34615384615384615	0.1752136752136752	0.08974358974358974	0.029914529914529916	0.004273504273504274	0.038461538461538464	0.029914529914529916	0.004273504273504274	0.08974358974358974
67	file:/C:/mallet-2.0.8/sample-data/train-data/comp.windows.x_69.txt	0.02586206896551724	0.07758620689655173	0.02586206896551724	0.07758620689655173	0.008620689655172414	0.646551724137931	0.008620689655172414	0.008620689655172414	0.09482758620689655	0.02586206896551724
68	file:/C:/mallet-2.0.8/sample-data/train-data/comp.windows.x_7.txt	0.0859375	0.0703125	0.0078125	0.0390625	0.0078125	0.6484375	0.0078125	0.0078125	0.0390625	0.0859375
69	file:/C:/mallet-2.0.8/sample-data/train-data/comp.windows.x_70.txt	0.1557377049180328	0.6147540983606558	0.13934426229508196	0.00819672131147541	0.00819672131147541	0.040983606557377046	0.00819672131147541	0.00819672131147541	0.00819672131147541	0.00819672131147541
70	file:/C:/mallet-2.0.8/sample-data/train-data/comp.windows.x_71.txt	0.34375	0.28125	0.00625	0.00625	0.00625	0.00625	0.03125	0.00625	0.00625	0.30625
71	file:/C:/mallet-2.0.8/sample-data/train-data/comp.windows.x_72.txt	0.32524271844660196	0.3640776699029126	0.05339805825242718	0.03398058252427184	0.0048543689320388345	0.014563106796116505	0.024271844660194174	0.014563106796116505	0.0048543689320388345	0.16019417475728157
72	file:/C:/mallet-2.0.8/sample-data/train-data/comp.windows.x_73.txt	0.6637931034482759	0.0603448275862069	0.04310344827586207	0.04310344827586207	0.008620689655172414	0.008620689655172414	0.008620689655172414	0.12931034482758622	0.008620689655172414	0.02586206896551724
73	file:/C:/mallet-2.0.8/sample-data/train-data/comp.windows.x_74.txt	0.15546218487394958	0.592436974789916	0.0546218487394958	0.004201680672268907	0.004201680672268907	0.012605042016806723	0.004201680672268907	0.004201680672268907	0.012605042016806723	0.15546218487394958
74	file:/C:/mallet-2.0.8/sample-data/train-data/comp.windows.x_75.txt	0.0038839979285344383	0.5005178663904712	0.09036768513723459	0.017348524080787155	0.017348524080787155	0.06188503366131538	0.008026929052304505	7.767995857068876E-4	0.0354738477472812	0.2643707923355774
75	file:/C:/mallet-2.0.8/sample-data/train-data/comp.windows.x_76.txt	0.0963302752293578	0.6284403669724771	0.013761467889908258	0.013761467889908258	0.0045871559633027525	0.013761467889908258	0.013761467889908258	0.0045871559633027525	0.05963302752293578	0.15137614678899083
76	file:/C:/mallet-2.0.8/sample-data/train-data/comp.windows.x_77.txt	0.04956896551724138	0.8038793103448276	0.00646551724137931	0.0021551724137931034	0.00646551724137931	0.036637931034482756	0.0021551724137931034	0.010775862068965518	0.010775862068965518	0.07112068965517242
77	file:/C:/mallet-2.0.8/sample-data/train-data/comp.windows.x_78.txt	0.16666666666666666	0.5497512437810945	0.1417910447761194	0.007462686567164179	0.02736318407960199	0.06218905472636816	0.012437810945273632	0.007462686567164179	0.0024875621890547263	0.022388059701492536
78	file:/C:/mallet-2.0.8/sample-data/train-data/comp.windows.x_79.txt	0.12790697674418605	0.03488372093023256	0.10465116279069768	0.011627906976744186	0.011627906976744186	0.011627906976744186	0.29069767441860467	0.1511627906976744	0.011627906976744186	0.2441860465116279
79	file:/C:/mallet-2.0.8/sample-data/train-data/comp.windows.x_8.txt	0.2469879518072289	0.35542168674698793	0.09036144578313253	0.006024096385542169	0.006024096385542169	0.05421686746987952	0.018072289156626505	0.04216867469879518	0.006024096385542169	0.1746987951807229
80	file:/C:/mallet-2.0.8/sample-data/train-data/comp.windows.x_80.txt	0.07916666666666666	0.22083333333333333	0.37083333333333335	0.2125	0.0375	0.004166666666666667	0.0125	0.020833333333333332	0.029166666666666667	0.0125
81	file:/C:/mallet-2.0.8/sample-data/train-data/comp.windows.x_81.txt	0.2175925925925926	0.14351851851851852	0.05092592592592592	0.004629629629629629	0.041666666666666664	0.004629629629629629	0.004629629629629629	0.004629629629629629	0.004629629629629629	0.5231481481481481
82	file:/C:/mallet-2.0.8/sample-data/train-data/comp.windows.x_82.txt	0.3305084745762712	0.11016949152542373	0.0423728813559322	0.00847457627118644	0.00847457627118644	0.059322033898305086	0.1440677966101695	0.07627118644067797	0.07627118644067797	0.1440677966101695
83	file:/C:/mallet-2.0.8/sample-data/train-data/comp.windows.x_83.txt	0.08585858585858586	0.4393939393939394	0.07575757575757576	0.015151515151515152	0.025252525252525252	0.12626262626262627	0.005050505050505051	0.07575757575757576	0.005050505050505051	0.14646464646464646
84	file:/C:/mallet-2.0.8/sample-data/train-data/comp.windows.x_84.txt	0.2323943661971831	0.4014084507042254	0.02112676056338028	0.007042253521126761	0.035211267605633804	0.007042253521126761	0.007042253521126761	0.04929577464788732	0.2323943661971831	0.007042253521126761
85	file:/C:/mallet-2.0.8/sample-data/train-data/comp.windows.x_85.txt	0.3416666666666667	0.4583333333333333	0.025	0.008333333333333333	0.008333333333333333	0.008333333333333333	0.041666666666666664	0.041666666666666664	0.058333333333333334	0.008333333333333333
86	file:/C:/mallet-2.0.8/sample-data/train-data/comp.windows.x_86.txt	0.22560975609756098	0.3475609756097561	0.006097560975609756	0.006097560975609756	0.018292682926829267	0.018292682926829267	0.054878048780487805	0.06707317073170732	0.054878048780487805	0.20121951219512196
87	file:/C:/mallet-2.0.8/sample-data/train-data/comp.windows.x_87.txt	0.13218390804597702	0.6724137931034483	0.005747126436781609	0.005747126436781609	0.017241379310344827	0.09770114942528736	0.005747126436781609	0.017241379310344827	0.017241379310344827	0.028735632183908046
88	file:/C:/mallet-2.0.8/sample-data/train-data/comp.windows.x_88.txt	0.03170731707317073	0.4268292682926829	0.2804878048780488	0.08536585365853659	0.007317073170731708	0.10975609756097561	0.007317073170731708	0.0024390243902439024	0.0024390243902439024	0.046341463414634146
89	file:/C:/mallet-2.0.8/sample-data/train-data/comp.windows.x_89.txt	0.23333333333333334	0.4066666666666667	0.11333333333333333	0.06	0.006666666666666667	0.14	0.006666666666666667	0.006666666666666667	0.006666666666666667	0.02
90	file:/C:/mallet-2.0.8/sample-data/train-data/comp.windows.x_9.txt	0.3068181818181818	0.19318181818181818	0.011363636363636364	0.056818181818181816	0.011363636363636364	0.011363636363636364	0.03409090909090909	0.056818181818181816	0.056818181818181816	0.26136363636363635
91	file:/C:/mallet-2.0.8/sample-data/train-data/comp.windows.x_90.txt	0.21428571428571427	0.5	0.045454545454545456	0.006493506493506494	0.006493506493506494	0.14935064935064934	0.045454545454545456	0.006493506493506494	0.006493506493506494	0.01948051948051948
92	file:/C:/mallet-2.0.8/sample-data/train-data/comp.windows.x_91.txt	0.24311926605504589	0.5275229357798165	0.04128440366972477	0.0045871559633027525	0.0045871559633027525	0.11467889908256881	0.05045871559633028	0.0045871559633027525	0.0045871559633027525	0.0045871559633027525
93	file:/C:/mallet-2.0.8/sample-data/train-data/comp.windows.x_92.txt	0.37058823529411766	0.3235294117647059	0.0058823529411764705	0.0058823529411764705	0.01764705882352941	0.041176470588235294	0.0058823529411764705	0.11176470588235295	0.0058823529411764705	0.11176470588235295
94	file:/C:/mallet-2.0.8/sample-data/train-data/comp.windows.x_93.txt	0.08132530120481928	0.24397590361445784	0.14156626506024098	0.08132530120481928	0.0030120481927710845	0.06927710843373494	0.02710843373493976	0.009036144578313253	0.0030120481927710845	0.34036144578313254
95	file:/C:/mallet-2.0.8/sample-data/train-data/comp.windows.x_94.txt	0.373015873015873	0.07142857142857142	0.24603174603174602	0.03968253968253968	0.023809523809523808	0.007936507936507936	0.007936507936507936	0.007936507936507936	0.007936507936507936	0.21428571428571427
96	file:/C:/mallet-2.0.8/sample-data/train-data/comp.windows.x_95.txt	0.11870503597122302	0.0035971223021582736	0.10431654676258993	0.0035971223021582736	0.0035971223021582736	0.0035971223021582736	0.01079136690647482	0.017985611510791366	0.06115107913669065	0.6726618705035972
97	file:/C:/mallet-2.0.8/sample-data/train-data/comp.windows.x_96.txt	0.03333333333333333	0.011111111111111112	0.16666666666666666	0.011111111111111112	0.003703703703703704	0.011111111111111112	0.003703703703703704	0.025925925925925925	0.06296296296296296	0.6703703703703704
98	file:/C:/mallet-2.0.8/sample-data/train-data/comp.windows.x_97.txt	0.1792452830188679	0.14150943396226415	0.009433962264150943	0.0660377358490566	0.009433962264150943	0.1792452830188679	0.009433962264150943	0.2358490566037736	0.009433962264150943	0.16037735849056603
99	file:/C:/mallet-2.0.8/sample-data/train-data/comp.windows.x_98.txt	0.25308641975308643	0.42592592592592593	0.11728395061728394	0.030864197530864196	0.043209876543209874	0.05555555555555555	0.018518518518518517	0.006172839506172839	0.043209876543209874	0.006172839506172839
100	file:/C:/mallet-2.0.8/sample-data/train-data/comp.windows.x_99.txt	0.20866141732283464	0.2795275590551181	0.1377952755905512	0.01968503937007874	0.003937007874015748	0.03543307086614173	0.1141732283464567	0.011811023622047244	0.01968503937007874	0.16929133858267717
101	file:/C:/mallet-2.0.8/sample-data/train-data/misc.forsale_0.txt	0.7444444444444445	0.011111111111111112	0.011111111111111112	0.03333333333333333	0.03333333333333333	0.05555555555555555	0.011111111111111112	0.011111111111111112	0.011111111111111112	0.07777777777777778
102	file:/C:/mallet-2.0.8/sample-data/train-data/misc.forsale_1.txt	0.5367647058823529	0.007352941176470588	0.022058823529411766	0.007352941176470588	0.09558823529411764	0.0661764705882353	0.022058823529411766	0.08088235294117647	0.007352941176470588	0.15441176470588236
103	file:/C:/mallet-2.0.8/sample-data/train-data/misc.forsale_10.txt	0.211340206185567	0.005154639175257732	0.005154639175257732	0.005154639175257732	0.19072164948453607	0.4690721649484536	0.015463917525773196	0.04639175257731959	0.005154639175257732	0.04639175257731959
104	file:/C:/mallet-2.0.8/sample-data/train-data/misc.forsale_100.txt	0.8611111111111112	0.027777777777777776	0.009259259259259259	0.009259259259259259	0.027777777777777776	0.009259259259259259	0.009259259259259259	0.027777777777777776	0.009259259259259259	0.009259259259259259
105	file:/C:/mallet-2.0.8/sample-data/train-data/misc.forsale_11.txt	0.7803571428571429	0.0017857142857142857	0.0125	0.019642857142857142	0.033928571428571426	0.06607142857142857	0.01607142857142857	0.0017857142857142857	0.019642857142857142	0.048214285714285716
106	file:/C:/mallet-2.0.8/sample-data/train-data/misc.forsale_12.txt	0.6232876712328768	0.04794520547945205	0.03424657534246575	0.00684931506849315	0.08904109589041095	0.00684931506849315	0.10273972602739725	0.00684931506849315	0.04794520547945205	0.03424657534246575
107	file:/C:/mallet-2.0.8/sample-data/train-data/misc.forsale_13.txt	0.63	0.01	0.01	0.01	0.03	0.07	0.03	0.01	0.03	0.17
108	file:/C:/mallet-2.0.8/sample-data/train-data/misc.forsale_14.txt	0.8083333333333333	0.008333333333333333	0.025	0.008333333333333333	0.008333333333333333	0.025	0.008333333333333333	0.025	0.008333333333333333	0.075
109	file:/C:/mallet-2.0.8/sample-data/train-data/misc.forsale_15.txt	0.9081632653061225	0.01020408163265306	0.01020408163265306	0.01020408163265306	0.01020408163265306	0.01020408163265306	0.01020408163265306	0.01020408163265306	0.01020408163265306	0.01020408163265306
110	file:/C:/mallet-2.0.8/sample-data/train-data/misc.forsale_16.txt	0.5054347826086957	0.005434782608695652	0.04891304347826087	0.059782608695652176	0.059782608695652176	0.09239130434782608	0.04891304347826087	0.005434782608695652	0.005434782608695652	0.16847826086956522
111	file:/C:/mallet-2.0.8/sample-data/train-data/misc.forsale_17.txt	0.4362244897959184	0.03316326530612245	0.02295918367346939	0.002551020408163265	0.002551020408163265	0.02295918367346939	0.017857142857142856	0.002551020408163265	0.1913265306122449	0.26785714285714285
112	file:/C:/mallet-2.0.8/sample-data/train-data/misc.forsale_18.txt	0.6729323308270677	0.09398496240601503	0.0037593984962406013	0.018796992481203006	0.011278195488721804	0.0037593984962406013	0.011278195488721804	0.018796992481203006	0.0037593984962406013	0.16165413533834586
113	file:/C:/mallet-2.0.8/sample-data/train-data/misc.forsale_19.txt	0.625	0.02976190476190476	0.05357142857142857	0.005952380952380952	0.005952380952380952	0.125	0.005952380952380952	0.10119047619047619	0.02976190476190476	0.017857142857142856
114	file:/C:/mallet-2.0.8/sample-data/train-data/misc.forsale_2.txt	0.35714285714285715	0.01020408163265306	0.030612244897959183	0.05102040816326531	0.01020408163265306	0.47959183673469385	0.030612244897959183	0.01020408163265306	0.01020408163265306	0.01020408163265306
115	file:/C:/mallet-2.0.8/sample-data/train-data/misc.forsale_20.txt	0.7093023255813954	0.05813953488372093	0.011627906976744186	0.011627906976744186	0.011627906976744186	0.011627906976744186	0.011627906976744186	0.05813953488372093	0.011627906976744186	0.10465116279069768
116	file:/C:/mallet-2.0.8/sample-data/train-data/misc.forsale_21.txt	0.4322916666666667	0.036458333333333336	0.026041666666666668	0.046875	0.005208333333333333	0.328125	0.015625	0.005208333333333333	0.046875	0.057291666666666664
117	file:/C:/mallet-2.0.8/sample-data/train-data/misc.forsale_22.txt	0.7720588235294118	0.022058823529411766	0.022058823529411766	0.007352941176470588	0.007352941176470588	0.03676470588235294	0.022058823529411766	0.007352941176470588	0.022058823529411766	0.08088235294117647
118	file:/C:/mallet-2.0.8/sample-data/train-data/misc.forsale_23.txt	0.6555555555555556	0.011111111111111112	0.03333333333333333	0.011111111111111112	0.011111111111111112	0.05555555555555555	0.011111111111111112	0.05555555555555555	0.011111111111111112	0.14444444444444443
119	file:/C:/mallet-2.0.8/sample-data/train-data/misc.forsale_24.txt	0.21218487394957983	0.0021008403361344537	0.014705882352941176	0.04411764705882353	0.10294117647058823	0.05672268907563025	0.01050420168067227	0.19117647058823528	0.0063025210084033615	0.3592436974789916
120	file:/C:/mallet-2.0.8/sample-data/train-data/misc.forsale_25.txt	0.35858585858585856	0.05555555555555555	0.15656565656565657	0.005050505050505051	0.025252525252525252	0.045454545454545456	0.08585858585858586	0.17676767676767677	0.005050505050505051	0.08585858585858586
121	file:/C:/mallet-2.0.8/sample-data/train-data/misc.forsale_26.txt	0.6547619047619048	0.03571428571428571	0.011904761904761904	0.011904761904761904	0.011904761904761904	0.10714285714285714	0.05952380952380952	0.011904761904761904	0.03571428571428571	0.05952380952380952
122	file:/C:/mallet-2.0.8/sample-data/train-data/misc.forsale_27.txt	0.445	0.005	0.275	0.055	0.005	0.035	0.025	0.055	0.005	0.095
123	file:/C:/mallet-2.0.8/sample-data/train-data/misc.forsale_28.txt	0.47959183673469385	0.01020408163265306	0.030612244897959183	0.01020408163265306	0.11224489795918367	0.01020408163265306	0.17346938775510204	0.07142857142857142	0.030612244897959183	0.07142857142857142
124	file:/C:/mallet-2.0.8/sample-data/train-data/misc.forsale_29.txt	0.38333333333333336	0.016666666666666666	0.005555555555555556	0.03888888888888889	0.005555555555555556	0.20555555555555555	0.03888888888888889	0.027777777777777776	0.027777777777777776	0.25
125	file:/C:/mallet-2.0.8/sample-data/train-data/misc.forsale_3.txt	0.30405405405405406	0.006756756756756757	0.033783783783783786	0.18243243243243243	0.02027027027027027	0.11486486486486487	0.02027027027027027	0.16891891891891891	0.006756756756756757	0.14189189189189189
126	file:/C:/mallet-2.0.8/sample-data/train-data/misc.forsale_30.txt	0.2827868852459016	0.036885245901639344	0.3729508196721312	0.045081967213114756	0.012295081967213115	0.11065573770491803	0.028688524590163935	0.036885245901639344	0.045081967213114756	0.028688524590163935
127	file:/C:/mallet-2.0.8/sample-data/train-data/misc.forsale_31.txt	0.8017241379310345	0.02586206896551724	0.008620689655172414	0.02586206896551724	0.008620689655172414	0.008620689655172414	0.008620689655172414	0.04310344827586207	0.008620689655172414	0.0603448275862069
128	file:/C:/mallet-2.0.8/sample-data/train-data/misc.forsale_32.txt	0.48214285714285715	0.017857142857142856	0.13690476190476192	0.017857142857142856	0.05357142857142857	0.017857142857142856	0.017857142857142856	0.017857142857142856	0.005952380952380952	0.23214285714285715
129	file:/C:/mallet-2.0.8/sample-data/train-data/misc.forsale_33.txt	0.5985915492957746	0.007042253521126761	0.11971830985915492	0.06338028169014084	0.035211267605633804	0.02112676056338028	0.06338028169014084	0.04929577464788732	0.035211267605633804	0.007042253521126761
130	file:/C:/mallet-2.0.8/sample-data/train-data/misc.forsale_34.txt	0.5614754098360656	0.004098360655737705	0.0778688524590164	0.004098360655737705	0.012295081967213115	0.14344262295081966	0.004098360655737705	0.004098360655737705	0.020491803278688523	0.1680327868852459
131	file:/C:/mallet-2.0.8/sample-data/train-data/misc.forsale_35.txt	0.5328947368421053	0.006578947368421052	0.16447368421052633	0.006578947368421052	0.046052631578947366	0.006578947368421052	0.046052631578947366	0.006578947368421052	0.006578947368421052	0.17763157894736842
132	file:/C:/mallet-2.0.8/sample-data/train-data/misc.forsale_36.txt	0.7293577981651376	0.03211009174311927	0.0779816513761468	0.013761467889908258	0.013761467889908258	0.022935779816513763	0.05963302752293578	0.0045871559633027525	0.0045871559633027525	0.04128440366972477
133	file:/C:/mallet-2.0.8/sample-data/train-data/misc.forsale_37.txt	0.32456140350877194	0.07894736842105263	0.23684210526315788	0.09649122807017543	0.02631578947368421	0.008771929824561403	0.008771929824561403	0.02631578947368421	0.13157894736842105	0.06140350877192982
134	file:/C:/mallet-2.0.8/sample-data/train-data/misc.forsale_38.txt	0.7980769230769231	0.028846153846153848	0.009615384615384616	0.04807692307692308	0.009615384615384616	0.009615384615384616	0.009615384615384616	0.04807692307692308	0.009615384615384616	0.028846153846153848
135	file:/C:/mallet-2.0.8/sample-data/train-data/misc.forsale_39.txt	0.8020833333333334	0.010416666666666666	0.010416666666666666	0.010416666666666666	0.010416666666666666	0.010416666666666666	0.010416666666666666	0.010416666666666666	0.010416666666666666	0.11458333333333333
136	file:/C:/mallet-2.0.8/sample-data/train-data/misc.forsale_4.txt	0.743421052631579	0.006578947368421052	0.006578947368421052	0.03289473684210526	0.07236842105263158	0.006578947368421052	0.006578947368421052	0.05921052631578947	0.05921052631578947	0.006578947368421052
137	file:/C:/mallet-2.0.8/sample-data/train-data/misc.forsale_40.txt	0.8763440860215054	0.016129032258064516	0.005376344086021506	0.016129032258064516	0.005376344086021506	0.005376344086021506	0.005376344086021506	0.005376344086021506	0.005376344086021506	0.05913978494623656
138	file:/C:/mallet-2.0.8/sample-data/train-data/misc.forsale_41.txt	0.6225490196078431	0.004901960784313725	0.03431372549019608	0.004901960784313725	0.024509803921568627	0.004901960784313725	0.004901960784313725	0.014705882352941176	0.004901960784313725	0.27941176470588236
139	file:/C:/mallet-2.0.8/sample-data/train-data/misc.forsale_42.txt	0.848314606741573	0.0056179775280898875	0.0056179775280898875	0.016853932584269662	0.028089887640449437	0.0056179775280898875	0.0056179775280898875	0.0056179775280898875	0.016853932584269662	0.06179775280898876
140	file:/C:/mallet-2.0.8/sample-data/train-data/misc.forsale_43.txt	0.6553398058252428	0.03398058252427184	0.06310679611650485	0.024271844660194174	0.03398058252427184	0.09223300970873786	0.043689320388349516	0.0048543689320388345	0.0048543689320388345	0.043689320388349516
141	file:/C:/mallet-2.0.8/sample-data/train-data/misc.forsale_44.txt	0.17256637168141592	0.01327433628318584	0.004424778761061947	0.084070796460177	0.030973451327433628	0.05752212389380531	0.004424778761061947	0.022123893805309734	0.004424778761061947	0.6061946902654868
142	file:/C:/mallet-2.0.8/sample-data/train-data/misc.forsale_45.txt	0.6162790697674418	0.011627906976744186	0.03488372093023256	0.011627906976744186	0.011627906976744186	0.2441860465116279	0.011627906976744186	0.011627906976744186	0.011627906976744186	0.03488372093023256
143	file:/C:/mallet-2.0.8/sample-data/train-data/misc.forsale_46.txt	0.7109375	0.0234375	0.0078125	0.0078125	0.0546875	0.1328125	0.0078125	0.0234375	0.0078125	0.0234375
144	file:/C:/mallet-2.0.8/sample-data/train-data/misc.forsale_47.txt	0.46568627450980393	0.004901960784313725	0.11274509803921569	0.06372549019607843	0.09313725490196079	0.03431372549019608	0.004901960784313725	0.004901960784313725	0.014705882352941176	0.20098039215686275
145	file:/C:/mallet-2.0.8/sample-data/train-data/misc.forsale_48.txt	0.7908163265306123	0.00510204081632653	0.00510204081632653	0.00510204081632653	0.04591836734693878	0.015306122448979591	0.00510204081632653	0.00510204081632653	0.015306122448979591	0.10714285714285714
146	file:/C:/mallet-2.0.8/sample-data/train-data/misc.forsale_49.txt	0.7371134020618557	0.015463917525773196	0.06701030927835051	0.005154639175257732	0.005154639175257732	0.06701030927835051	0.005154639175257732	0.005154639175257732	0.005154639175257732	0.08762886597938144
147	file:/C:/mallet-2.0.8/sample-data/train-data/misc.forsale_5.txt	0.4807692307692308	0.00641025641025641	0.057692307692307696	0.00641025641025641	0.09615384615384616	0.22435897435897437	0.019230769230769232	0.019230769230769232	0.00641025641025641	0.08333333333333333
148	file:/C:/mallet-2.0.8/sample-data/train-data/misc.forsale_50.txt	0.4344262295081967	0.00819672131147541	0.00819672131147541	0.02459016393442623	0.00819672131147541	0.48360655737704916	0.00819672131147541	0.00819672131147541	0.00819672131147541	0.00819672131147541
149	file:/C:/mallet-2.0.8/sample-data/train-data/misc.forsale_51.txt	0.21584699453551912	0.02459016393442623	0.07377049180327869	0.13387978142076504	0.00273224043715847	0.00819672131147541	0.00273224043715847	0.00273224043715847	0.040983606557377046	0.49453551912568305
150	file:/C:/mallet-2.0.8/sample-data/train-data/misc.forsale_52.txt	0.4483870967741935	0.06129032258064516	0.041935483870967745	0.02903225806451613	0.016129032258064516	0.06774193548387097	0.00967741935483871	0.035483870967741936	0.016129032258064516	0.27419354838709675
151	file:/C:/mallet-2.0.8/sample-data/train-data/misc.forsale_53.txt	0.5583333333333333	0.025	0.075	0.041666666666666664	0.008333333333333333	0.025	0.058333333333333334	0.075	0.008333333333333333	0.125
